screen_alignment_version: 1
screen_type: Finlay
screen_shift: 366.667603 341.967896
coordinate_x: 8.743874 0.078431
coordinate_y: -0.084072 8.775649
tilt_x: -0.000017 -0.000001
tilt_y: -0.000017 -0.000000
k1: 0.000300
gamma: 2.200000
presaturation: 3.000000
saturation: 1.000000
brightness: 1.000000
scren_blur_radius: 1.300000
color_model: paget
backlight_temperature: 6500.000000
dye_balance: neutral
gray_range: 16 249
precise: no
mix_gamma: 2.200000
mix_weights: 0.300000 0.100000 1.000000
