screen_alignment_version: 1
screen_type: PagetFinlay
screen_shift: 1684.877256 304.432822
coordinate_x: 8.752521 0.008388
coordinate_y: -0.008567 8.775689
