screen_alignment_version: 1
screen_type: Finlay
screen_shift: 295.956451 605.755371
coordinate_x: 8.771445 0.004733
coordinate_y: -0.004165 8.753286
tilt_x: -0.000010 0.000003
tilt_y: -0.000010 0.000005
k1: 0.000000
gamma: 2.200000
presaturation: 2.000000
saturation: 1.200000
brightness: 1.000000
scren_blur_radius: 1.400000
color_model: paget
backlight_temperature: 6500.000000
dye_balance: neutral
gray_range: 9 250
precise: yes
mix_gamma: 2.200000
mix_weights: 0.300000 0.100000 1.000000
