screen_alignment_version: 1
screen_type: Finlay
screen_shift: 216.973969 717.551208
coordinate_x: 6.506810 -0.089815
coordinate_y: 0.094257 6.493998
tilt_x: -0.000015 0.000015
tilt_y: -0.000015 0.000015
k1: 0.000000
gamma: 4.000000
presaturation: 2.000000
saturation: 1.500000
brightness: 1.000000
scren_blur_radius: 0.300000
color_model: none
backlight_temperature: 6500.000000
dye_balance: neutral
gray_range: 0 255
precise: no
mix_gamma: 2.200000
mix_weights: 0.300000 0.100000 1.000000
