screen_alignment_version: 1
screen_type: Finlay
screen_shift: 672.913269 306.034454
coordinate_x: 8.755672 -0.038686
coordinate_y: 0.043105 8.782563
tilt_x: 0.000000 0.000009
tilt_y: 0.000000 0.000009
k1: 0.000000
gamma: 2.200000
presaturation: 1.000000
saturation: 1.500000
brightness: 1.000000
scren_blur_radius: 1.300000
color_model: none
backlight_temperature: 6500.000000
dye_balance: neutral
gray_range: 0 255
precise: no
mix_gamma: 2.200000
mix_weights: 0.300000 0.100000 1.000000
