screen_alignment_version: 1
screen_type: Finlay
screen_shift: 2979.085205 2153.727295
coordinate_x: 8.777330 -0.078629
coordinate_y: 0.084728 8.756078
tilt_x: -0.000004 0.000000
tilt_y: -0.000004 0.000000
k1: 0.000000
gamma: 2.200000
presaturation: 2.000000
saturation: 1.500000
brightness: 1.000000
scren_blur_radius: 1.300000
color_model: none
backlight_temperature: 6500.000000
dye_balance: neutral
gray_range: 9 235
precise: yes
mix_gamma: 2.200000
mix_weights: 0.300000 0.100000 1.000000
