screen_alignment_version: 1
screen_type: Finlay
screen_shift: 2980.264404 2047.040527
coordinate_x: 8.073367 -0.049253
coordinate_y: 0.049158 8.051661
tilt_x: -0.000020 0.000020
tilt_y: -0.000020 0.000020
k1: 0.000000
gamma: 2.200000
presaturation: 2.000000
saturation: 1.500000
brightness: 1.000000
scren_blur_radius: 1.300000
color_model: none
backlight_temperature: 6500.000000
dye_balance: neutral
gray_range: 0 255
precise: yes
mix_gamma: 2.200000
mix_weights: 0.300000 0.100000 1.000000
