screen_alignment_version: 1
screen_type: Finlay
screen_shift: 3931.094727 1849.189819
coordinate_x: 8.779325 0.023324
coordinate_y: -0.020865 8.753070
tilt_x: 0.000000 0.000000
tilt_y: 0.000000 0.000000
k1: 0.000000
gamma: 2.200000
presaturation: 2.000000
saturation: 1.500000
brightness: 1.000000
scren_blur_radius: 1.300000
color_model: none
backlight_temperature: 6500.000000
dye_balance: neutral
gray_range: 0 255
precise: no
mix_gamma: 2.200000
mix_weights: 0.300000 0.100000 1.000000
