screen_alignment_version: 1
screen_type: Finlay
screen_shift: 4771.063477 845.468018
coordinate_x: 8.779358 -0.003213
coordinate_y: 0.005349 8.756169
tilt_x: 0.000000 0.000000
tilt_y: 0.000000 0.000000
k1: 0.000000
gamma: 2.200000
presaturation: 3.000000
saturation: 2.000000
brightness: 1.000000
scren_blur_radius: 1.300000
color_model: none
backlight_temperature: 6500.000000
dye_balance: neutral
gray_range: 6 245
precise: no
mix_gamma: 2.200000
mix_weights: 0.300000 0.100000 1.000000
