screen_alignment_version: 1
screen_type: Finlay
screen_shift: 267.262360 1804.868408
coordinate_x: 8.778076 0.044569
coordinate_y: -0.051407 8.753866
tilt_x: 0.000000 0.000000
tilt_y: 0.000000 0.000000
k1: 0.000000
gamma: 3.000000
presaturation: 2.000000
saturation: 2.000000
brightness: 1.000000
scren_blur_radius: 1.300000
color_model: none
backlight_temperature: 6500.000000
dye_balance: neutral
gray_range: 9 195
precise: no
mix_gamma: 2.200000
mix_weights: 0.300000 0.100000 1.000000
