screen_alignment_version: 1
screen_type: Finlay
screen_shift: 197.016418 2416.568359
coordinate_x: 6.506464 -0.038692
coordinate_y: 0.048970 6.494644
tilt_x: -0.000025 0.000025
tilt_y: -0.000025 0.000025
k1: 0.000000
gamma: 5.000000
presaturation: 2.000000
saturation: 1.500000
brightness: 1.000000
scren_blur_radius: 0.300000
color_model: none
backlight_temperature: 6500.000000
dye_balance: neutral
gray_range: 0 255
precise: no
mix_gamma: 2.200000
mix_weights: 0.300000 0.100000 1.000000
