screen_alignment_version: 1
screen_type: PagetFinlay
screen_shift: 928.357235 262.193246
coordinate_x: 8.747213 -0.029188
coordinate_y: 0.025161 8.776069
