screen_alignment_version: 1
screen_type: Finlay
screen_shift: 2280.472656 2793.511963
coordinate_x: 6.491823 -0.004827
coordinate_y: 0.002571 6.509242
tilt_x: 0.000023 0.000016
tilt_y: 0.000023 0.000016
k1: 0.000000
gamma: 2.800000
presaturation: 2.000000
saturation: 1.500000
brightness: 1.000000
scren_blur_radius: 0.300000
color_model: none
backlight_temperature: 6500.000000
dye_balance: neutral
gray_range: 8 242
precise: yes
mix_gamma: 2.200000
mix_weights: 0.300000 0.100000 1.000000
