screen_alignment_version: 1
screen_type: Finlay
screen_shift: 2264.843506 1681.816040
coordinate_x: 8.774125 -0.000462
coordinate_y: 0.003683 8.751549
tilt_x: -0.000050 -0.000050
tilt_y: -0.000050 -0.000050
k1: 0.000000
gamma: 2.200000
presaturation: 1.000000
saturation: 1.500000
brightness: 1.000000
scren_blur_radius: 1.300000
color_model: none
backlight_temperature: 6500.000000
dye_balance: neutral
gray_range: 8 253
precise: yes
mix_gamma: 2.200000
mix_weights: 0.300000 0.100000 1.000000
