screen_alignment_version: 1
screen_type: Finlay
screen_shift: 1216.492920 317.430359
coordinate_x: 8.755819 -0.023015
coordinate_y: 0.026665 8.782592
tilt_x: 0.000000 0.000000
tilt_y: 0.000000 0.000000
gamma: 2.200000
presaturation: 1.000000
saturation: 5.000000
brightness: 1.000000
scren_blur_radius: 1.300000
gray_range: 0 255
precise: no
screen_compensation: yes
adjust_luminosity: yes
mix_gamma: 2.200000
mix_weights: 0.300000 0.100000 1.000000
