screen_alignment_version: 1
screen_type: Finlay
screen_shift: 2485.491943 2403.949951
coordinate_x: 8.775453 0.004414
coordinate_y: -0.003944 8.746514
tilt_x: -0.000014 0.000000
tilt_y: -0.000014 0.000000
k1: 0.000000
gamma: 2.200000
presaturation: 1.400000
saturation: 1.500000
brightness: 1.000000
scren_blur_radius: 1.300000
color_model: none
backlight_temperature: 6500.000000
dye_balance: neutral
gray_range: 18 244
precise: no
mix_gamma: 2.200000
mix_weights: 0.300000 0.100000 1.000000
