screen_alignment_version: 1
screen_type: Finlay
screen_shift: 298.841309 2206.626709
coordinate_x: 8.775284 0.025906
coordinate_y: -0.032071 8.755840
gamma: 3.400000
presaturation: 1.000000
saturation: 1.000000
brightness: 1.000000
scren_blur_radius: 1.300000
gray_range: 15 247
precise: no
screen_compensation: yes
adjust_luminosity: yes
