screen_alignment_version: 1
screen_type: Finlay
screen_shift: 2108.024902 2404.531982
coordinate_x: 8.758331 -0.137915
coordinate_y: 0.138694 8.774153
tilt_x: -0.000008 -0.000008
tilt_y: -0.000008 -0.000008
k1: -0.000200
gamma: 2.200000
presaturation: 2.000000
saturation: 1.500000
brightness: 1.000000
scren_blur_radius: 1.300000
color_model: none
backlight_temperature: 6500.000000
dye_balance: neutral
gray_range: 14 237
precise: no
mix_gamma: 2.200000
mix_weights: 0.300000 0.100000 1.000000
