screen_alignment_version: 1
screen_type: Paget
scanner_type: fixed-lens
screen_shift: 2644.108613 288.462642
coordinate_x: 6.524641 -0.054220
coordinate_y: 0.058061 6.537983
projection_distance: 1.000000
tilt: -6.15026e-06 -2.02358e-05
final_rotation: 0.000000
lens_warp_rectilinear: 1 1 0 0 0 0 0 0.5 0.5
gamma: 2.200000
film_gamma: 1.000000
target_film_gamma: 1.000000
white_balance: 1.200000 0.700000 1.000000
sharpen_radius: 0.000000
sharpen_amount: 0.000000
presaturation: 1.000000
saturation: 1.000000
brightness: 1.000000
output_tone_curve: linear
red_strip_width: 0.000000
green_strip_width: 0.000000
collection_threshold: 0.200000
screen_blur_radius: 0.500000
collection_threshold: 0.200000
color_model: paget
backlight_temperature: 5000.000000
temperature: 5000.000000
dye_balance: bradford
scan_exposure: 1.000000
dark_point: 0.000000
backlight_correction_black: 0.000000
invert: no
precise: yes
mix_weights: 0.300000 0.100000 1.000000
mix_dark: 0.000000 0.000000 0.000000
profiled_dark: 0.000000 0.000000 0.000000
profiled_red: 1.000000 0.000000 0.000000
profiled_green: 0.000000 1.000000 0.000000
profiled_blue: 0.000000 0.000000 1.000000
scanner_red: 0.000000 0.000000 0.000000
scanner_green: 0.000000 0.000000 0.000000
scanner_blue: 0.000000 0.000000 0.000000
solver_optimize_lens: yes
solver_optimize_tilt: yes
solver_point: 2637.342088 281.467958 -1.000000 -1.000000 green
solver_point: 2657.362694 314.521838 2.000000 4.000000 green
solver_point: 2644.110359 301.362747 0.000000 2.000000 green
solver_point: 2683.390430 307.698916 6.000000 3.000000 green
solver_point: 2709.134030 281.234022 10.000000 -1.000000 green
solver_point: 2989.620011 266.131316 53.000000 -3.000000 green
solver_point: 3296.267350 270.215925 100.000000 -2.000000 green
solver_point: 3935.350744 238.699504 198.000000 -6.000000 green
solver_point: 2357.095296 310.366932 -44.000000 3.000000 green
solver_point: 1803.441102 432.728644 -129.000000 21.000000 green
solver_point: 1372.587609 423.365795 -195.000000 19.000000 green
solver_point: 1113.119444 621.755112 -235.000000 49.000000 green
solver_point: 1110.086431 255.499368 -235.000000 -7.000000 green
solver_point: 763.928097 238.995632 -288.000000 -10.000000 green
solver_point: 920.586159 996.329591 -265.000000 106.000000 green
solver_point: 2669.614018 928.983807 3.000000 98.000000 green
solver_point: 2430.267696 2600.008102 -36.000000 353.000000 green
solver_point: 2507.462276 3215.445204 -25.000000 447.000000 green
solver_point: 2693.761769 3567.479224 3.000000 501.000000 green
solver_point: 2608.788965 4348.467902 -11.000000 620.000000 green
solver_point: 1886.884023 4787.734743 -122.000000 686.000000 green
solver_point: 1447.856695 5473.926251 -190.000000 790.000000 green
solver_point: 839.542272 5472.478515 -283.000000 789.000000 green
solver_point: 532.462331 5475.280865 -330.000000 789.000000 green
solver_point: 1755.167890 5497.632792 -143.000000 794.000000 green
solver_point: 2055.807955 5481.695506 -97.000000 792.000000 green
solver_point: 2696.591380 5475.966381 1.000000 792.000000 green
solver_point: 3304.633292 5490.255662 94.000000 795.000000 green
solver_point: 3624.634768 5480.903125 143.000000 794.000000 green
solver_point: 3964.470314 5497.498084 195.000000 797.000000 green
screen_alignment_end
