screen_alignment_version: 1
screen_type: Finlay
screen_shift: 5541.172363 2457.382568
coordinate_x: 6.515426 -0.092594
coordinate_y: 0.087429 6.493561
tilt_x: -0.000009 0.000018
tilt_y: -0.000009 0.000018
gamma: 2.000000
presaturation: 3.000000
saturation: 1.000000
brightness: 1.000000
scren_blur_radius: 0.400000
gray_range: 1 253
precise: no
screen_compensation: yes
adjust_luminosity: yes
