screen_alignment_version: 1
screen_type: Finlay
screen_shift: 2369.682129 310.857452
coordinate_x: 8.749726 -0.033840
coordinate_y: 0.040222 8.777810
tilt_x: 0.000000 0.000000
tilt_y: 0.000000 0.000000
k1: 0.000100
gamma: 2.200000
presaturation: 1.000000
saturation: 3.000000
brightness: 1.000000
scren_blur_radius: 1.300000
color_model: none
backlight_temperature: 6500.000000
dye_balance: neutral
gray_range: 8 251
precise: no
mix_gamma: 2.200000
mix_weights: 0.300000 0.100000 1.000000
