screen_alignment_version: 1
screen_type: Finlay
screen_shift: 452.107208 380.600616
coordinate_x: 8.774644 -0.004291
coordinate_y: 0.012203 8.745903
tilt_x: 0.000000 0.000000
tilt_y: 0.000000 0.000000
k1: 0.000000
gamma: 2.200000
presaturation: 1.000000
saturation: 2.000000
brightness: 1.000000
scren_blur_radius: 1.300000
color_model: none
backlight_temperature: 6500.000000
dye_balance: neutral
gray_range: 28 224
precise: yes
mix_gamma: 2.200000
mix_weights: 0.300000 0.100000 1.000000
