screen_alignment_version: 1
screen_type: Paget
screen_shift: 4858.854004 2249.607178
coordinate_x: 8.775960 -0.030149
coordinate_y: 0.030178 8.755634
tilt_x: 0.000000 0.000000
tilt_y: 0.000000 0.000000
k1: 0.000000
gamma: 2.200000
presaturation: 1.000000
saturation: 1.500000
brightness: 1.000000
scren_blur_radius: 1.300000
color_model: none
backlight_temperature: 6500.000000
dye_balance: neutral
gray_range: 0 255
precise: no
mix_gamma: 2.200000
mix_weights: 0.300000 0.100000 1.000000
