screen_alignment_version: 1
screen_type: Finlay
screen_shift: 472.805573 307.999786
coordinate_x: 8.747094 -0.076140
coordinate_y: 0.070898 8.773771
tilt_x: 0.000000 -0.000007
tilt_y: 0.000000 -0.000007
k1: 0.000000
gamma: 2.200000
presaturation: 1.500000
saturation: 1.500000
brightness: 1.000000
scren_blur_radius: 1.500000
color_model: none
backlight_temperature: 6500.000000
dye_balance: neutral
gray_range: 0 255
precise: no
mix_gamma: 2.200000
mix_weights: 0.300000 0.100000 1.000000
